1 -2014.25,-2008.99
1 -2026.71,-1985.57
1 -2016.11,-2008.42
1 -2001.85,-2012.46
1 -2032.15,-2015.38
1 -2028.8,-1998.67
1 -2008.1,-2023.23
1 -2024.52,-2023.98
1 -2034.84,-1985.02
1 -2015.38,-2021.69
1 -2034.56,-1989.06
1 -2029.59,-2014.95
1 -2034.5,-1997.42
1 -2026.55,-2017.87
1 -2031.82,-2019.99
1 -2014.25,-2008.99
1 -2026.71,-1985.57
1 -2016.11,-2008.42
1 -2032.15,-2015.38
1 -2028.8,-1998.67
1 -2024.52,-2023.98
1 -2034.84,-1985.02
1 -2015.38,-2021.69
1 -2034.56,-1989.06
1 -2029.59,-2014.95
1 -2034.5,-1997.42
1 -2026.55,-2017.87
1 -2031.82,-2019.99
1 -2015.21,-2007.58
1 -2026.44,-2003.76
1 -2022.86,-2025.55
1 -2019.93,-2014.23
1 -2028.39,-2030.58
1 -2012.25,-2012.59
1 -2027.37,-2001.15
1 -2019.31,-1993.67
1 -2024.25,-2008.77
1 -3.17927,-15.3348
1 -0.676748,-9.80026
1 -20.4299,-6.7774
1 -5.0882,-5.35829
1 -17.0072,-23.8128
1 -20.3688,-8.86029
1 -6.93304,-17.4223
1 -3.74233,-15.144
1 -17.6252,-22.4792
1 -3.17927,-15.3348
1 -0.676748,-9.80026
1 -20.4299,-6.7774
1 -5.0882,-5.35829
1 -17.0072,-23.8128
1 -20.3688,-8.86029
1 -6.93304,-17.4223
1 -3.74233,-15.144
1 -17.6252,-22.4792
1 -4.72045,-11.021
1 -9.11206,-12.7926
1 -8.1492,-3.68892
1 -10.696,-8.1843
1 -11.6543,-16.731
1 -17.7763,-24.9191
1 -3.16401,-14.903
1 -3.8934,-1.62893
1 -9.78805,-21.2401
1 -4.89135,-6.7362
1 -0.276955,-20.9807
1 -15.2264,-17.5443
1 -23.8266,-9.2494
1 -9.7087,-16.3038
1 -10.0627,-1.72201
1 -18.6674,-11.2514
1 -2014.25,-2008.99
1 -1990.2,-2026.14
1 -1993.71,-1992.05
1 -2026.71,-1985.57
1 -1990.95,-2034.77
1 -2016.11,-2008.42
1 -2001.85,-2012.46
1 -2032.15,-2015.38
1 -1994.87,-2009.01
1 -2028.8,-1998.67
1 -1988.71,-2008.03
1 -2008.1,-2023.23
1 -2024.52,-2023.98
1 -2034.84,-1985.02
1 -2015.38,-2021.69
1 -2034.56,-1989.06
1 -1998.64,-2014.4
1 -1993.12,-2021.32
1 -1995.27,-2022.19
1 -2007.9,-2032.46
1 -2029.59,-2014.95
1 -1998.25,-2015.45
1 -2034.5,-1997.42
1 -2026.55,-2017.87
1 -2031.82,-2019.99
1 -2030.26,-2000.36
1 -2006.33,-1988.52
1 -2000.84,-1992.66
1 -2026.08,-2014.1
1 -1993.89,-2025.86
1 -2027.22,-2010.2
1 -2008.76,-1991.15
1 -1993.27,-2033.25
1 -2032.47,-2031.07
1 -2017.7,-2011.41
1 -1992.65,-2019.16
1 -1998.59,-2034.15
1 -1998.04,-2013.36
1 -1996.93,-1993.03
1 -2010.05,-2029.51
1 -2034.73,-2013.63
1 -2011.57,-1994.7
1 -2016.34,-2002.12
1 -1992.89,-1991.17
1 -1997.84,-2019.3
1 -2015.01,-1997.64
1 -2025.31,-1992.37
1 -1990.78,-2012.66
1 -2029.31,-2012.27
1 -2000.69,-2012.17
1 -2020.48,-2006.83
1 -1993.01,-2010.21
1 -2001.8,-2026.08
1 -2007.87,-1985.1
1 -2016.26,-1989.72
1 -1988.42,-1987.42
1 -1999.5,-2023.63
1 -2005.54,-1995.1
1 -2015.21,-2007.58
1 -2026.44,-2003.76
1 -2006.71,-2016.24
1 -1998.1,-2012.76
1 -2022.86,-2025.55
1 -2019.93,-2014.23
1 -2004.4,-2003.98
1 -2028.39,-2030.58
1 -1998.62,-2032.84
1 -1991.55,-1992.44
1 -1992.74,-2018.65
1 -1988.83,-2017.05
1 -2012.25,-2012.59
1 -2027.37,-2001.15
1 -2019.31,-1993.67
1 -1987.8,-2028.64
1 -2024.25,-2008.77
1 -3.17927,-15.3348
1 -0.676748,-9.80026
1 -20.4299,-6.7774
1 -5.0882,-5.35829
1 -17.0072,-23.8128
1 -20.3688,-8.86029
1 -6.93304,-17.4223
1 -3.74233,-15.144
1 -17.6252,-22.4792
1 -4.72045,-11.021
1 -9.11206,-12.7926
1 -8.1492,-3.68892
1 -10.696,-8.1843
1 -11.6543,-16.731
1 -17.7763,-24.9191
1 -3.16401,-14.903
1 -3.8934,-1.62893
1 -3.17927,-15.3348
1 -0.676748,-9.80026
1 -20.4299,-6.7774
1 -5.0882,-5.35829
1 -17.0072,-23.8128
1 -20.3688,-8.86029
1 -6.93304,-17.4223
1 -3.74233,-15.144
1 -17.6252,-22.4792
1 -9.78805,-21.2401
1 -4.89135,-6.7362
1 -0.276955,-20.9807
1 -15.2264,-17.5443
1 -23.8266,-9.2494
1 -9.7087,-16.3038
1 -10.0627,-1.72201
1 -18.6674,-11.2514
1 -2014.25,-2008.99
1 -2026.71,-1985.57
1 -2016.11,-2008.42
1 -2001.85,-2012.46
1 -2032.15,-2015.38
1 -2028.8,-1998.67
1 -2008.1,-2023.23
1 -2024.52,-2023.98
1 -2034.84,-1985.02
1 -2015.38,-2021.69
1 -2034.56,-1989.06
1 -2029.59,-2014.95
1 -2034.5,-1997.42
1 -2026.55,-2017.87
1 -2031.82,-2019.99
1 -2014.25,-2008.99
1 -1990.2,-2026.14
1 -1993.71,-1992.05
1 -2026.71,-1985.57
1 -1990.95,-2034.77
1 -2016.11,-2008.42
1 -2001.85,-2012.46
1 -2032.15,-2015.38
1 -1994.87,-2009.01
1 -2028.8,-1998.67
1 -1988.71,-2008.03
1 -2008.1,-2023.23
1 -2024.52,-2023.98
1 -2034.84,-1985.02
1 -2015.38,-2021.69
1 -2034.56,-1989.06
1 -1998.64,-2014.4
1 -1993.12,-2021.32
1 -1995.27,-2022.19
1 -2007.9,-2032.46
1 -2029.59,-2014.95
1 -1998.25,-2015.45
1 -2034.5,-1997.42
1 -2026.55,-2017.87
1 -2031.82,-2019.99
1 -2014.25,-2008.99
1 -1990.2,-2026.14
1 -1993.71,-1992.05
1 -2026.71,-1985.57
1 -1990.95,-2034.77
1 -2016.11,-2008.42
1 -2001.85,-2012.46
1 -2032.15,-2015.38
1 -1994.87,-2009.01
1 -2028.8,-1998.67
1 -1988.71,-2008.03
1 -2008.1,-2023.23
1 -2024.52,-2023.98
1 -2034.84,-1985.02
1 -2015.38,-2021.69
1 -2034.56,-1989.06
1 -1998.64,-2014.4
1 -1993.12,-2021.32
1 -1995.27,-2022.19
1 -2007.9,-2032.46
1 -2029.59,-2014.95
1 -1998.25,-2015.45
1 -2034.5,-1997.42
1 -2026.55,-2017.87
1 -2031.82,-2019.99
1 -1993.01,-2010.21
1 -2001.8,-2026.08
1 -2007.87,-1985.1
1 -2016.26,-1989.72
1 -1988.42,-1987.42
1 -1999.5,-2023.63
1 -2005.54,-1995.1
1 -2015.21,-2007.58
1 -2026.44,-2003.76
1 -2006.71,-2016.24
1 -1998.1,-2012.76
1 -2022.86,-2025.55
1 -2019.93,-2014.23
1 -2004.4,-2003.98
1 -2028.39,-2030.58
1 -1998.62,-2032.84
1 -1991.55,-1992.44
1 -1992.74,-2018.65
1 -1988.83,-2017.05
1 -2012.25,-2012.59
1 -2027.37,-2001.15
1 -2019.31,-1993.67
1 -1987.8,-2028.64
1 -2024.25,-2008.77
