3 -1993.71,-1992.05
3 -1994.87,-2009.01
3 -1988.71,-2008.03
3 -1993.71,-1992.05
3 -2007.87,-1985.1
3 -2016.26,-1989.72
3 -1988.42,-1987.42
3 -2005.54,-1995.1
3 -2004.4,-2003.98
3 -1991.55,-1992.44
3 -2014.25,-2008.99
3 -1990.2,-2026.14
3 -1993.71,-1992.05
3 -2026.71,-1985.57
3 -1990.95,-2034.77
3 -2016.11,-2008.42
3 -2001.85,-2012.46
3 -2032.15,-2015.38
3 -1994.87,-2009.01
3 -2028.8,-1998.67
3 -1988.71,-2008.03
3 -2008.1,-2023.23
3 -2024.52,-2023.98
3 -2034.84,-1985.02
3 -2015.38,-2021.69
3 -2034.56,-1989.06
3 -1998.64,-2014.4
3 -1993.12,-2021.32
3 -1995.27,-2022.19
3 -2007.9,-2032.46
3 -2029.59,-2014.95
3 -1998.25,-2015.45
3 -2034.5,-1997.42
3 -2026.55,-2017.87
3 -2031.82,-2019.99
3 -2030.26,-2000.36
3 -2006.33,-1988.52
3 -2000.84,-1992.66
3 -2026.08,-2014.1
3 -1993.89,-2025.86
3 -2027.22,-2010.2
3 -2008.76,-1991.15
3 -1993.27,-2033.25
3 -2032.47,-2031.07
3 -2017.7,-2011.41
3 -1992.65,-2019.16
3 -1998.59,-2034.15
3 -1998.04,-2013.36
3 -1996.93,-1993.03
3 -2010.05,-2029.51
3 -2034.73,-2013.63
3 -2011.57,-1994.7
3 -2016.34,-2002.12
3 -1992.89,-1991.17
3 -1997.84,-2019.3
3 -2015.01,-1997.64
3 -2025.31,-1992.37
3 -1990.78,-2012.66
3 -2029.31,-2012.27
3 -2000.69,-2012.17
3 -2020.48,-2006.83
3 -1993.71,-1992.05
3 -1994.87,-2009.01
3 -1988.71,-2008.03
3 -3.17927,-15.3348
3 -0.676748,-9.80026
3 -20.4299,-6.7774
3 -5.0882,-5.35829
3 -17.0072,-23.8128
3 -20.3688,-8.86029
3 -6.93304,-17.4223
3 -3.74233,-15.144
3 -17.6252,-22.4792
3 -3.17927,-15.3348
3 -0.676748,-9.80026
3 -20.4299,-6.7774
3 -5.0882,-5.35829
3 -17.0072,-23.8128
3 -20.3688,-8.86029
3 -6.93304,-17.4223
3 -3.74233,-15.144
3 -17.6252,-22.4792
