4 -0.676748,-9.80026
4 -5.0882,-5.35829
4 -0.676748,-9.80026
4 -5.0882,-5.35829
4 -4.89135,-6.7362
4 -10.0627,-1.72201
4 -3.17927,-15.3348
4 -0.676748,-9.80026
4 -20.4299,-6.7774
4 -5.0882,-5.35829
4 -17.0072,-23.8128
4 -20.3688,-8.86029
4 -6.93304,-17.4223
4 -3.74233,-15.144
4 -17.6252,-22.4792
4 -4.72045,-11.021
4 -9.11206,-12.7926
4 -8.1492,-3.68892
4 -10.696,-8.1843
4 -11.6543,-16.731
4 -17.7763,-24.9191
4 -3.16401,-14.903
4 -3.8934,-1.62893
4 -9.78805,-21.2401
4 -4.89135,-6.7362
4 -0.276955,-20.9807
4 -15.2264,-17.5443
4 -23.8266,-9.2494
4 -9.7087,-16.3038
4 -10.0627,-1.72201
4 -18.6674,-11.2514
4 -2014.25,-2008.99
4 -1990.2,-2026.14
4 -1993.71,-1992.05
4 -2026.71,-1985.57
4 -1990.95,-2034.77
4 -2016.11,-2008.42
4 -2001.85,-2012.46
4 -2032.15,-2015.38
4 -1994.87,-2009.01
4 -2028.8,-1998.67
4 -1988.71,-2008.03
4 -2008.1,-2023.23
4 -2024.52,-2023.98
4 -2034.84,-1985.02
4 -2015.38,-2021.69
4 -2034.56,-1989.06
4 -1998.64,-2014.4
4 -1993.12,-2021.32
4 -1995.27,-2022.19
4 -2007.9,-2032.46
4 -2029.59,-2014.95
4 -1998.25,-2015.45
4 -2034.5,-1997.42
4 -2026.55,-2017.87
4 -2031.82,-2019.99
4 -2014.25,-2008.99
4 -1990.2,-2026.14
4 -1993.71,-1992.05
4 -2026.71,-1985.57
4 -1990.95,-2034.77
4 -2016.11,-2008.42
4 -2001.85,-2012.46
4 -2032.15,-2015.38
4 -1994.87,-2009.01
4 -2028.8,-1998.67
4 -1988.71,-2008.03
4 -2008.1,-2023.23
4 -2024.52,-2023.98
4 -2034.84,-1985.02
4 -2015.38,-2021.69
4 -2034.56,-1989.06
4 -1998.64,-2014.4
4 -1993.12,-2021.32
4 -1995.27,-2022.19
4 -2007.9,-2032.46
4 -2029.59,-2014.95
4 -1998.25,-2015.45
4 -2034.5,-1997.42
4 -2026.55,-2017.87
4 -2031.82,-2019.99
4 -1993.01,-2010.21
4 -2001.8,-2026.08
4 -2007.87,-1985.1
4 -2016.26,-1989.72
4 -1988.42,-1987.42
4 -1999.5,-2023.63
4 -2005.54,-1995.1
4 -2015.21,-2007.58
4 -2026.44,-2003.76
4 -2006.71,-2016.24
4 -1998.1,-2012.76
4 -2022.86,-2025.55
4 -2019.93,-2014.23
4 -2004.4,-2003.98
4 -2028.39,-2030.58
4 -1998.62,-2032.84
4 -1991.55,-1992.44
4 -1992.74,-2018.65
4 -1988.83,-2017.05
4 -2012.25,-2012.59
4 -2027.37,-2001.15
4 -2019.31,-1993.67
4 -1987.8,-2028.64
4 -2024.25,-2008.77
4 -0.676748,-9.80026
4 -5.0882,-5.35829
4 -2014.25,-2008.99
4 -1990.2,-2026.14
4 -1993.71,-1992.05
4 -2026.71,-1985.57
4 -1990.95,-2034.77
4 -2016.11,-2008.42
4 -2001.85,-2012.46
4 -2032.15,-2015.38
4 -1994.87,-2009.01
4 -2028.8,-1998.67
4 -1988.71,-2008.03
4 -2008.1,-2023.23
4 -2024.52,-2023.98
4 -2034.84,-1985.02
4 -2015.38,-2021.69
4 -2034.56,-1989.06
4 -1998.64,-2014.4
4 -1993.12,-2021.32
4 -1995.27,-2022.19
4 -2007.9,-2032.46
4 -2029.59,-2014.95
4 -1998.25,-2015.45
4 -2034.5,-1997.42
4 -2026.55,-2017.87
4 -2031.82,-2019.99
4 -2014.25,-2008.99
4 -1990.2,-2026.14
4 -1993.71,-1992.05
4 -2026.71,-1985.57
4 -1990.95,-2034.77
4 -2016.11,-2008.42
4 -2001.85,-2012.46
4 -2032.15,-2015.38
4 -1994.87,-2009.01
4 -2028.8,-1998.67
4 -1988.71,-2008.03
4 -2008.1,-2023.23
4 -2024.52,-2023.98
4 -2034.84,-1985.02
4 -2015.38,-2021.69
4 -2034.56,-1989.06
4 -1998.64,-2014.4
4 -1993.12,-2021.32
4 -1995.27,-2022.19
4 -2007.9,-2032.46
4 -2029.59,-2014.95
4 -1998.25,-2015.45
4 -2034.5,-1997.42
4 -2026.55,-2017.87
4 -2031.82,-2019.99
4 -2014.25,-2008.99
4 -1990.2,-2026.14
4 -1993.71,-1992.05
4 -2026.71,-1985.57
4 -1990.95,-2034.77
4 -2016.11,-2008.42
4 -2001.85,-2012.46
4 -2032.15,-2015.38
4 -1994.87,-2009.01
4 -2028.8,-1998.67
4 -1988.71,-2008.03
4 -2008.1,-2023.23
4 -2024.52,-2023.98
4 -2034.84,-1985.02
4 -2015.38,-2021.69
4 -2034.56,-1989.06
4 -1998.64,-2014.4
4 -1993.12,-2021.32
4 -1995.27,-2022.19
4 -2007.9,-2032.46
4 -2029.59,-2014.95
4 -1998.25,-2015.45
4 -2034.5,-1997.42
4 -2026.55,-2017.87
4 -2031.82,-2019.99
4 -1993.01,-2010.21
4 -2001.8,-2026.08
4 -2007.87,-1985.1
4 -2016.26,-1989.72
4 -1988.42,-1987.42
4 -1999.5,-2023.63
4 -2005.54,-1995.1
4 -2015.21,-2007.58
4 -2026.44,-2003.76
4 -2006.71,-2016.24
4 -1998.1,-2012.76
4 -2022.86,-2025.55
4 -2019.93,-2014.23
4 -2004.4,-2003.98
4 -2028.39,-2030.58
4 -1998.62,-2032.84
4 -1991.55,-1992.44
4 -1992.74,-2018.65
4 -1988.83,-2017.05
4 -2012.25,-2012.59
4 -2027.37,-2001.15
4 -2019.31,-1993.67
4 -1987.8,-2028.64
4 -2024.25,-2008.77
4 -2014.25,-2008.99
4 -1990.2,-2026.14
4 -1993.71,-1992.05
4 -2026.71,-1985.57
4 -1990.95,-2034.77
4 -2016.11,-2008.42
4 -2001.85,-2012.46
4 -2032.15,-2015.38
4 -1994.87,-2009.01
4 -2028.8,-1998.67
4 -1988.71,-2008.03
4 -2008.1,-2023.23
4 -2024.52,-2023.98
4 -2034.84,-1985.02
4 -2015.38,-2021.69
4 -2034.56,-1989.06
4 -1998.64,-2014.4
4 -1993.12,-2021.32
4 -1995.27,-2022.19
4 -2007.9,-2032.46
4 -2029.59,-2014.95
4 -1998.25,-2015.45
4 -2034.5,-1997.42
4 -2026.55,-2017.87
4 -2031.82,-2019.99
