2 -1990.2,-2026.14
2 -1990.95,-2034.77
2 -1998.64,-2014.4
2 -1993.12,-2021.32
2 -1995.27,-2022.19
2 -2007.9,-2032.46
2 -1998.25,-2015.45
2 -3.17927,-15.3348
2 -20.4299,-6.7774
2 -17.0072,-23.8128
2 -20.3688,-8.86029
2 -6.93304,-17.4223
2 -3.74233,-15.144
2 -17.6252,-22.4792
2 -9.78805,-21.2401
2 -0.276955,-20.9807
2 -15.2264,-17.5443
2 -23.8266,-9.2494
2 -9.7087,-16.3038
2 -18.6674,-11.2514
2 -1990.2,-2026.14
2 -1993.71,-1992.05
2 -2001.85,-2012.46
2 -1994.87,-2009.01
2 -1988.71,-2008.03
2 -1998.64,-2014.4
2 -1993.12,-2021.32
2 -1995.27,-2022.19
2 -1998.25,-2015.45
2 -1990.2,-2026.14
2 -1990.95,-2034.77
2 -1998.64,-2014.4
2 -1993.12,-2021.32
2 -1995.27,-2022.19
2 -2007.9,-2032.46
2 -1998.25,-2015.45
2 -3.17927,-15.3348
2 -0.676748,-9.80026
2 -20.4299,-6.7774
2 -5.0882,-5.35829
2 -17.0072,-23.8128
2 -20.3688,-8.86029
2 -6.93304,-17.4223
2 -3.74233,-15.144
2 -17.6252,-22.4792
2 -3.17927,-15.3348
2 -0.676748,-9.80026
2 -20.4299,-6.7774
2 -5.0882,-5.35829
2 -17.0072,-23.8128
2 -20.3688,-8.86029
2 -6.93304,-17.4223
2 -3.74233,-15.144
2 -17.6252,-22.4792
2 -9.78805,-21.2401
2 -4.89135,-6.7362
2 -0.276955,-20.9807
2 -15.2264,-17.5443
2 -23.8266,-9.2494
2 -9.7087,-16.3038
2 -10.0627,-1.72201
2 -18.6674,-11.2514
