2 -1993.01,-2010.21
0 -9.78805,-21.2401
2 -2001.8,-2026.08
3 -2007.87,-1985.1
1 -2016.26,-1989.72
3 -1988.42,-1987.42
2 -1999.5,-2023.63
3 -2005.54,-1995.1
1 -2015.21,-2007.58
4 -4.89135,-6.7362
1 -2026.44,-2003.76
1 -2006.71,-2016.24
2 -1998.1,-2012.76
1 -2022.86,-2025.55
1 -2019.93,-2014.23
0 -0.276955,-20.9807
1 -2004.4,-2003.98
0 -15.2264,-17.5443
1 -2028.39,-2030.58
2 -1998.62,-2032.84
0 -23.8266,-9.2494
0 -9.7087,-16.3038
3 -1991.55,-1992.44
2 -1992.74,-2018.65
2 -1988.83,-2017.05
1 -2012.25,-2012.59
4 -10.0627,-1.72201
1 -2027.37,-2001.15
1 -2019.31,-1993.67
0 -18.6674,-11.2514
2 -1987.8,-2028.64
1 -2024.25,-2008.77
1 -2030.26,-2000.36
3 -2006.33,-1988.52
3 -2000.84,-1992.66
1 -2026.08,-2014.1
2 -1993.89,-2025.86
1 -2027.22,-2010.2
4 -4.72045,-11.021
0 -9.11206,-12.7926
3 -2008.76,-1991.15
2 -1993.27,-2033.25
4 -8.1492,-3.68892
1 -2032.47,-2031.07
1 -2017.7,-2011.41
2 -1992.65,-2019.16
2 -1998.59,-2034.15
2 -1998.04,-2013.36
3 -1996.93,-1993.03
2 -2010.05,-2029.51
1 -2034.73,-2013.63
1 -2011.57,-1994.7
1 -2016.34,-2002.12
3 -1992.89,-1991.17
2 -1997.84,-2019.3
4 -10.696,-8.1843
0 -11.6543,-16.731
1 -2015.01,-1997.64
0 -17.7763,-24.9191
1 -2025.31,-1992.37
2 -1990.78,-2012.66
1 -2029.31,-2012.27
1 -2000.69,-2012.17
0 -3.16401,-14.903
1 -2020.48,-2006.83
4 -3.8934,-1.62893
2 -1993.01,-2010.21
1 -9.78805,-21.2401
0 -2001.8,-2026.08
2 -2007.87,-1985.1
2 -2016.26,-1989.72
2 -1988.42,-1987.42
0 -1999.5,-2023.63
2 -2005.54,-1995.1
0 -2015.21,-2007.58
1 -4.89135,-6.7362
0 -2026.44,-2003.76
0 -2006.71,-2016.24
2 -1998.1,-2012.76
0 -2022.86,-2025.55
0 -2019.93,-2014.23
1 -0.276955,-20.9807
2 -2004.4,-2003.98
1 -15.2264,-17.5443
0 -2028.39,-2030.58
0 -1998.62,-2032.84
1 -23.8266,-9.2494
1 -9.7087,-16.3038
2 -1991.55,-1992.44
2 -1992.74,-2018.65
2 -1988.83,-2017.05
0 -2012.25,-2012.59
1 -10.0627,-1.72201
0 -2027.37,-2001.15
0 -2019.31,-1993.67
1 -18.6674,-11.2514
2 -1987.8,-2028.64
0 -2024.25,-2008.77
3 -1993.01,-2010.21
1 -9.78805,-21.2401
3 -2001.8,-2026.08
3 -2007.87,-1985.1
3 -2016.26,-1989.72
3 -1988.42,-1987.42
3 -1999.5,-2023.63
3 -2005.54,-1995.1
3 -2015.21,-2007.58
1 -4.89135,-6.7362
3 -2026.44,-2003.76
3 -2006.71,-2016.24
3 -1998.1,-2012.76
3 -2022.86,-2025.55
3 -2019.93,-2014.23
1 -0.276955,-20.9807
3 -2004.4,-2003.98
1 -15.2264,-17.5443
3 -2028.39,-2030.58
3 -1998.62,-2032.84
1 -23.8266,-9.2494
1 -9.7087,-16.3038
3 -1991.55,-1992.44
3 -1992.74,-2018.65
3 -1988.83,-2017.05
3 -2012.25,-2012.59
1 -10.0627,-1.72201
3 -2027.37,-2001.15
3 -2019.31,-1993.67
1 -18.6674,-11.2514
3 -1987.8,-2028.64
3 -2024.25,-2008.77
0 -1993.01,-2010.21
1 -9.78805,-21.2401
0 -2001.8,-2026.08
0 -2007.87,-1985.1
0 -2016.26,-1989.72
0 -1988.42,-1987.42
0 -1999.5,-2023.63
0 -2005.54,-1995.1
0 -2015.21,-2007.58
1 -4.89135,-6.7362
0 -2026.44,-2003.76
0 -2006.71,-2016.24
0 -1998.1,-2012.76
0 -2022.86,-2025.55
0 -2019.93,-2014.23
1 -0.276955,-20.9807
0 -2004.4,-2003.98
1 -15.2264,-17.5443
0 -2028.39,-2030.58
0 -1998.62,-2032.84
1 -23.8266,-9.2494
1 -9.7087,-16.3038
0 -1991.55,-1992.44
0 -1992.74,-2018.65
0 -1988.83,-2017.05
0 -2012.25,-2012.59
1 -10.0627,-1.72201
0 -2027.37,-2001.15
0 -2019.31,-1993.67
1 -18.6674,-11.2514
0 -1987.8,-2028.64
0 -2024.25,-2008.77
2 -1993.01,-2010.21
0 -9.78805,-21.2401
2 -2001.8,-2026.08
3 -2007.87,-1985.1
1 -2016.26,-1989.72
3 -1988.42,-1987.42
2 -1999.5,-2023.63
3 -2005.54,-1995.1
1 -2015.21,-2007.58
4 -4.89135,-6.7362
1 -2026.44,-2003.76
1 -2006.71,-2016.24
2 -1998.1,-2012.76
1 -2022.86,-2025.55
1 -2019.93,-2014.23
0 -0.276955,-20.9807
1 -2004.4,-2003.98
0 -15.2264,-17.5443
1 -2028.39,-2030.58
2 -1998.62,-2032.84
0 -23.8266,-9.2494
0 -9.7087,-16.3038
3 -1991.55,-1992.44
2 -1992.74,-2018.65
2 -1988.83,-2017.05
1 -2012.25,-2012.59
4 -10.0627,-1.72201
1 -2027.37,-2001.15
1 -2019.31,-1993.67
0 -18.6674,-11.2514
2 -1987.8,-2028.64
1 -2024.25,-2008.77
1 -2030.26,-2000.36
3 -2006.33,-1988.52
3 -2000.84,-1992.66
1 -2026.08,-2014.1
2 -1993.89,-2025.86
1 -2027.22,-2010.2
4 -4.72045,-11.021
0 -9.11206,-12.7926
3 -2008.76,-1991.15
2 -1993.27,-2033.25
4 -8.1492,-3.68892
1 -2032.47,-2031.07
1 -2017.7,-2011.41
2 -1992.65,-2019.16
2 -1998.59,-2034.15
2 -1998.04,-2013.36
3 -1996.93,-1993.03
2 -2010.05,-2029.51
1 -2034.73,-2013.63
1 -2011.57,-1994.7
1 -2016.34,-2002.12
3 -1992.89,-1991.17
2 -1997.84,-2019.3
4 -10.696,-8.1843
0 -11.6543,-16.731
1 -2015.01,-1997.64
0 -17.7763,-24.9191
1 -2025.31,-1992.37
2 -1990.78,-2012.66
1 -2029.31,-2012.27
1 -2000.69,-2012.17
0 -3.16401,-14.903
1 -2020.48,-2006.83
4 -3.8934,-1.62893
0 -1993.01,-2010.21
1 -9.78805,-21.2401
0 -2001.8,-2026.08
0 -2007.87,-1985.1
0 -2016.26,-1989.72
0 -1988.42,-1987.42
0 -1999.5,-2023.63
0 -2005.54,-1995.1
0 -2015.21,-2007.58
1 -4.89135,-6.7362
0 -2026.44,-2003.76
0 -2006.71,-2016.24
0 -1998.1,-2012.76
0 -2022.86,-2025.55
0 -2019.93,-2014.23
1 -0.276955,-20.9807
0 -2004.4,-2003.98
1 -15.2264,-17.5443
0 -2028.39,-2030.58
0 -1998.62,-2032.84
1 -23.8266,-9.2494
1 -9.7087,-16.3038
0 -1991.55,-1992.44
0 -1992.74,-2018.65
0 -1988.83,-2017.05
0 -2012.25,-2012.59
1 -10.0627,-1.72201
0 -2027.37,-2001.15
0 -2019.31,-1993.67
1 -18.6674,-11.2514
0 -1987.8,-2028.64
0 -2024.25,-2008.77
1 -3.17927,-15.3348
0 -2014.25,-2008.99
0 -1990.2,-2026.14
0 -1993.71,-1992.05
1 -0.676748,-9.80026
1 -20.4299,-6.7774
0 -2026.71,-1985.57
0 -1990.95,-2034.77
0 -2016.11,-2008.42
1 -5.0882,-5.35829
0 -2001.85,-2012.46
0 -2032.15,-2015.38
0 -1994.87,-2009.01
0 -2028.8,-1998.67
0 -1988.71,-2008.03
0 -2008.1,-2023.23
0 -2024.52,-2023.98
0 -2034.84,-1985.02
0 -2015.38,-2021.69
1 -17.0072,-23.8128
1 -20.3688,-8.86029
0 -2034.56,-1989.06
0 -1998.64,-2014.4
0 -1993.12,-2021.32
0 -1995.27,-2022.19
0 -2007.9,-2032.46
0 -2029.59,-2014.95
0 -1998.25,-2015.45
1 -6.93304,-17.4223
1 -3.74233,-15.144
0 -2034.5,-1997.42
0 -2026.55,-2017.87
0 -2031.82,-2019.99
1 -17.6252,-22.4792
0 -2030.26,-2000.36
0 -2006.33,-1988.52
0 -2000.84,-1992.66
0 -2026.08,-2014.1
0 -1993.89,-2025.86
0 -2027.22,-2010.2
1 -4.72045,-11.021
1 -9.11206,-12.7926
0 -2008.76,-1991.15
0 -1993.27,-2033.25
1 -8.1492,-3.68892
0 -2032.47,-2031.07
0 -2017.7,-2011.41
0 -1992.65,-2019.16
0 -1998.59,-2034.15
0 -1998.04,-2013.36
0 -1996.93,-1993.03
0 -2010.05,-2029.51
0 -2034.73,-2013.63
0 -2011.57,-1994.7
0 -2016.34,-2002.12
0 -1992.89,-1991.17
0 -1997.84,-2019.3
1 -10.696,-8.1843
1 -11.6543,-16.731
0 -2015.01,-1997.64
1 -17.7763,-24.9191
0 -2025.31,-1992.37
0 -1990.78,-2012.66
0 -2029.31,-2012.27
0 -2000.69,-2012.17
1 -3.16401,-14.903
0 -2020.48,-2006.83
1 -3.8934,-1.62893
1 -1993.01,-2010.21
3 -9.78805,-21.2401
1 -2001.8,-2026.08
1 -2007.87,-1985.1
1 -2016.26,-1989.72
1 -1988.42,-1987.42
1 -1999.5,-2023.63
1 -2005.54,-1995.1
1 -2015.21,-2007.58
3 -4.89135,-6.7362
1 -2026.44,-2003.76
1 -2006.71,-2016.24
1 -1998.1,-2012.76
1 -2022.86,-2025.55
1 -2019.93,-2014.23
3 -0.276955,-20.9807
1 -2004.4,-2003.98
3 -15.2264,-17.5443
1 -2028.39,-2030.58
1 -1998.62,-2032.84
3 -23.8266,-9.2494
3 -9.7087,-16.3038
1 -1991.55,-1992.44
1 -1992.74,-2018.65
1 -1988.83,-2017.05
1 -2012.25,-2012.59
3 -10.0627,-1.72201
1 -2027.37,-2001.15
1 -2019.31,-1993.67
3 -18.6674,-11.2514
1 -1987.8,-2028.64
1 -2024.25,-2008.77
0 -1993.01,-2010.21
3 -9.78805,-21.2401
0 -2001.8,-2026.08
0 -2007.87,-1985.1
0 -2016.26,-1989.72
0 -1988.42,-1987.42
0 -1999.5,-2023.63
0 -2005.54,-1995.1
0 -2015.21,-2007.58
3 -4.89135,-6.7362
0 -2026.44,-2003.76
0 -2006.71,-2016.24
0 -1998.1,-2012.76
0 -2022.86,-2025.55
0 -2019.93,-2014.23
3 -0.276955,-20.9807
0 -2004.4,-2003.98
3 -15.2264,-17.5443
0 -2028.39,-2030.58
0 -1998.62,-2032.84
3 -23.8266,-9.2494
3 -9.7087,-16.3038
0 -1991.55,-1992.44
0 -1992.74,-2018.65
0 -1988.83,-2017.05
0 -2012.25,-2012.59
3 -10.0627,-1.72201
0 -2027.37,-2001.15
0 -2019.31,-1993.67
3 -18.6674,-11.2514
0 -1987.8,-2028.64
0 -2024.25,-2008.77
4 -1993.01,-2010.21
2 -9.78805,-21.2401
4 -2001.8,-2026.08
4 -2007.87,-1985.1
4 -2016.26,-1989.72
4 -1988.42,-1987.42
4 -1999.5,-2023.63
4 -2005.54,-1995.1
4 -2015.21,-2007.58
2 -4.89135,-6.7362
4 -2026.44,-2003.76
4 -2006.71,-2016.24
4 -1998.1,-2012.76
4 -2022.86,-2025.55
4 -2019.93,-2014.23
2 -0.276955,-20.9807
4 -2004.4,-2003.98
2 -15.2264,-17.5443
4 -2028.39,-2030.58
4 -1998.62,-2032.84
2 -23.8266,-9.2494
2 -9.7087,-16.3038
4 -1991.55,-1992.44
4 -1992.74,-2018.65
4 -1988.83,-2017.05
4 -2012.25,-2012.59
2 -10.0627,-1.72201
4 -2027.37,-2001.15
4 -2019.31,-1993.67
2 -18.6674,-11.2514
4 -1987.8,-2028.64
4 -2024.25,-2008.77
2 -3.17927,-15.3348
4 -2014.25,-2008.99
4 -1990.2,-2026.14
4 -1993.71,-1992.05
2 -0.676748,-9.80026
2 -20.4299,-6.7774
4 -2026.71,-1985.57
4 -1990.95,-2034.77
4 -2016.11,-2008.42
2 -5.0882,-5.35829
4 -2001.85,-2012.46
4 -2032.15,-2015.38
4 -1994.87,-2009.01
4 -2028.8,-1998.67
4 -1988.71,-2008.03
4 -2008.1,-2023.23
4 -2024.52,-2023.98
4 -2034.84,-1985.02
4 -2015.38,-2021.69
2 -17.0072,-23.8128
2 -20.3688,-8.86029
4 -2034.56,-1989.06
4 -1998.64,-2014.4
4 -1993.12,-2021.32
4 -1995.27,-2022.19
4 -2007.9,-2032.46
4 -2029.59,-2014.95
4 -1998.25,-2015.45
2 -6.93304,-17.4223
2 -3.74233,-15.144
4 -2034.5,-1997.42
4 -2026.55,-2017.87
4 -2031.82,-2019.99
2 -17.6252,-22.4792
4 -2030.26,-2000.36
4 -2006.33,-1988.52
4 -2000.84,-1992.66
4 -2026.08,-2014.1
4 -1993.89,-2025.86
4 -2027.22,-2010.2
2 -4.72045,-11.021
2 -9.11206,-12.7926
4 -2008.76,-1991.15
4 -1993.27,-2033.25
2 -8.1492,-3.68892
4 -2032.47,-2031.07
4 -2017.7,-2011.41
4 -1992.65,-2019.16
4 -1998.59,-2034.15
4 -1998.04,-2013.36
4 -1996.93,-1993.03
4 -2010.05,-2029.51
4 -2034.73,-2013.63
4 -2011.57,-1994.7
4 -2016.34,-2002.12
4 -1992.89,-1991.17
4 -1997.84,-2019.3
2 -10.696,-8.1843
2 -11.6543,-16.731
4 -2015.01,-1997.64
2 -17.7763,-24.9191
4 -2025.31,-1992.37
4 -1990.78,-2012.66
4 -2029.31,-2012.27
4 -2000.69,-2012.17
2 -3.16401,-14.903
4 -2020.48,-2006.83
2 -3.8934,-1.62893
4 -1993.01,-2010.21
0 -9.78805,-21.2401
4 -2001.8,-2026.08
4 -2007.87,-1985.1
4 -2016.26,-1989.72
4 -1988.42,-1987.42
4 -1999.5,-2023.63
4 -2005.54,-1995.1
4 -2015.21,-2007.58
0 -4.89135,-6.7362
4 -2026.44,-2003.76
4 -2006.71,-2016.24
4 -1998.1,-2012.76
4 -2022.86,-2025.55
4 -2019.93,-2014.23
0 -0.276955,-20.9807
4 -2004.4,-2003.98
0 -15.2264,-17.5443
4 -2028.39,-2030.58
4 -1998.62,-2032.84
0 -23.8266,-9.2494
0 -9.7087,-16.3038
4 -1991.55,-1992.44
4 -1992.74,-2018.65
4 -1988.83,-2017.05
4 -2012.25,-2012.59
0 -10.0627,-1.72201
4 -2027.37,-2001.15
4 -2019.31,-1993.67
0 -18.6674,-11.2514
4 -1987.8,-2028.64
4 -2024.25,-2008.77
4 -1993.01,-2010.21
0 -9.78805,-21.2401
4 -2001.8,-2026.08
4 -2007.87,-1985.1
4 -2016.26,-1989.72
4 -1988.42,-1987.42
4 -1999.5,-2023.63
4 -2005.54,-1995.1
4 -2015.21,-2007.58
0 -4.89135,-6.7362
4 -2026.44,-2003.76
4 -2006.71,-2016.24
4 -1998.1,-2012.76
4 -2022.86,-2025.55
4 -2019.93,-2014.23
0 -0.276955,-20.9807
4 -2004.4,-2003.98
0 -15.2264,-17.5443
4 -2028.39,-2030.58
4 -1998.62,-2032.84
0 -23.8266,-9.2494
0 -9.7087,-16.3038
4 -1991.55,-1992.44
4 -1992.74,-2018.65
4 -1988.83,-2017.05
4 -2012.25,-2012.59
0 -10.0627,-1.72201
4 -2027.37,-2001.15
4 -2019.31,-1993.67
0 -18.6674,-11.2514
4 -1987.8,-2028.64
4 -2024.25,-2008.77
4 -2030.26,-2000.36
4 -2006.33,-1988.52
4 -2000.84,-1992.66
4 -2026.08,-2014.1
4 -1993.89,-2025.86
4 -2027.22,-2010.2
0 -4.72045,-11.021
0 -9.11206,-12.7926
4 -2008.76,-1991.15
4 -1993.27,-2033.25
0 -8.1492,-3.68892
4 -2032.47,-2031.07
4 -2017.7,-2011.41
4 -1992.65,-2019.16
4 -1998.59,-2034.15
4 -1998.04,-2013.36
4 -1996.93,-1993.03
4 -2010.05,-2029.51
4 -2034.73,-2013.63
4 -2011.57,-1994.7
4 -2016.34,-2002.12
4 -1992.89,-1991.17
4 -1997.84,-2019.3
0 -10.696,-8.1843
0 -11.6543,-16.731
4 -2015.01,-1997.64
0 -17.7763,-24.9191
4 -2025.31,-1992.37
4 -1990.78,-2012.66
4 -2029.31,-2012.27
4 -2000.69,-2012.17
0 -3.16401,-14.903
4 -2020.48,-2006.83
0 -3.8934,-1.62893
