3 -2007.87,-1985.1
3 -1988.42,-1987.42
3 -2005.54,-1995.1
3 -1991.55,-1992.44
3 -2006.33,-1988.52
3 -2000.84,-1992.66
3 -2008.76,-1991.15
3 -1996.93,-1993.03
3 -1992.89,-1991.17
3 -1993.01,-2010.21
3 -2001.8,-2026.08
3 -2007.87,-1985.1
3 -2016.26,-1989.72
3 -1988.42,-1987.42
3 -1999.5,-2023.63
3 -2005.54,-1995.1
3 -2015.21,-2007.58
3 -2026.44,-2003.76
3 -2006.71,-2016.24
3 -1998.1,-2012.76
3 -2022.86,-2025.55
3 -2019.93,-2014.23
3 -2004.4,-2003.98
3 -2028.39,-2030.58
3 -1998.62,-2032.84
3 -1991.55,-1992.44
3 -1992.74,-2018.65
3 -1988.83,-2017.05
3 -2012.25,-2012.59
3 -2027.37,-2001.15
3 -2019.31,-1993.67
3 -1987.8,-2028.64
3 -2024.25,-2008.77
3 -2007.87,-1985.1
3 -1988.42,-1987.42
3 -2005.54,-1995.1
3 -1991.55,-1992.44
3 -2006.33,-1988.52
3 -2000.84,-1992.66
3 -2008.76,-1991.15
3 -1996.93,-1993.03
3 -1992.89,-1991.17
3 -9.78805,-21.2401
3 -4.89135,-6.7362
3 -0.276955,-20.9807
3 -15.2264,-17.5443
3 -23.8266,-9.2494
3 -9.7087,-16.3038
3 -10.0627,-1.72201
3 -18.6674,-11.2514
3 -9.78805,-21.2401
3 -4.89135,-6.7362
3 -0.276955,-20.9807
3 -15.2264,-17.5443
3 -23.8266,-9.2494
3 -9.7087,-16.3038
3 -10.0627,-1.72201
3 -18.6674,-11.2514
