2 -1993.01,-2010.21
2 -2001.8,-2026.08
2 -1999.5,-2023.63
2 -1998.1,-2012.76
2 -1998.62,-2032.84
2 -1992.74,-2018.65
2 -1988.83,-2017.05
2 -1987.8,-2028.64
2 -1993.89,-2025.86
2 -1993.27,-2033.25
2 -1992.65,-2019.16
2 -1998.59,-2034.15
2 -1998.04,-2013.36
2 -2010.05,-2029.51
2 -1997.84,-2019.3
2 -1990.78,-2012.66
2 -1993.01,-2010.21
2 -2007.87,-1985.1
2 -2016.26,-1989.72
2 -1988.42,-1987.42
2 -2005.54,-1995.1
2 -1998.1,-2012.76
2 -2004.4,-2003.98
2 -1991.55,-1992.44
2 -1992.74,-2018.65
2 -1988.83,-2017.05
2 -1987.8,-2028.64
2 -1993.01,-2010.21
2 -2001.8,-2026.08
2 -1999.5,-2023.63
2 -1998.1,-2012.76
2 -1998.62,-2032.84
2 -1992.74,-2018.65
2 -1988.83,-2017.05
2 -1987.8,-2028.64
2 -1993.89,-2025.86
2 -1993.27,-2033.25
2 -1992.65,-2019.16
2 -1998.59,-2034.15
2 -1998.04,-2013.36
2 -2010.05,-2029.51
2 -1997.84,-2019.3
2 -1990.78,-2012.66
2 -9.78805,-21.2401
2 -4.89135,-6.7362
2 -0.276955,-20.9807
2 -15.2264,-17.5443
2 -23.8266,-9.2494
2 -9.7087,-16.3038
2 -10.0627,-1.72201
2 -18.6674,-11.2514
2 -3.17927,-15.3348
2 -0.676748,-9.80026
2 -20.4299,-6.7774
2 -5.0882,-5.35829
2 -17.0072,-23.8128
2 -20.3688,-8.86029
2 -6.93304,-17.4223
2 -3.74233,-15.144
2 -17.6252,-22.4792
2 -4.72045,-11.021
2 -9.11206,-12.7926
2 -8.1492,-3.68892
2 -10.696,-8.1843
2 -11.6543,-16.731
2 -17.7763,-24.9191
2 -3.16401,-14.903
2 -3.8934,-1.62893
