1 -2030.26,-2000.36
1 -2026.08,-2014.1
1 -2027.22,-2010.2
1 -2032.47,-2031.07
1 -2017.7,-2011.41
1 -2034.73,-2013.63
1 -2016.34,-2002.12
1 -2015.01,-1997.64
1 -2025.31,-1992.37
1 -2029.31,-2012.27
1 -2020.48,-2006.83
1 -4.72045,-11.021
1 -9.11206,-12.7926
1 -8.1492,-3.68892
1 -10.696,-8.1843
1 -11.6543,-16.731
1 -17.7763,-24.9191
1 -3.16401,-14.903
1 -3.8934,-1.62893
1 -4.72045,-11.021
1 -9.11206,-12.7926
1 -8.1492,-3.68892
1 -10.696,-8.1843
1 -11.6543,-16.731
1 -17.7763,-24.9191
1 -3.16401,-14.903
1 -3.8934,-1.62893
1 -3.17927,-15.3348
1 -0.676748,-9.80026
1 -20.4299,-6.7774
1 -5.0882,-5.35829
1 -17.0072,-23.8128
1 -20.3688,-8.86029
1 -6.93304,-17.4223
1 -3.74233,-15.144
1 -17.6252,-22.4792
1 -4.72045,-11.021
1 -9.11206,-12.7926
1 -8.1492,-3.68892
1 -10.696,-8.1843
1 -11.6543,-16.731
1 -17.7763,-24.9191
1 -3.16401,-14.903
1 -3.8934,-1.62893
1 -2030.26,-2000.36
1 -2006.33,-1988.52
1 -2000.84,-1992.66
1 -2026.08,-2014.1
1 -1993.89,-2025.86
1 -2027.22,-2010.2
1 -2008.76,-1991.15
1 -1993.27,-2033.25
1 -2032.47,-2031.07
1 -2017.7,-2011.41
1 -1992.65,-2019.16
1 -1998.59,-2034.15
1 -1998.04,-2013.36
1 -1996.93,-1993.03
1 -2010.05,-2029.51
1 -2034.73,-2013.63
1 -2011.57,-1994.7
1 -2016.34,-2002.12
1 -1992.89,-1991.17
1 -1997.84,-2019.3
1 -2015.01,-1997.64
1 -2025.31,-1992.37
1 -1990.78,-2012.66
1 -2029.31,-2012.27
1 -2000.69,-2012.17
1 -2020.48,-2006.83
1 -2030.26,-2000.36
1 -2006.33,-1988.52
1 -2000.84,-1992.66
1 -2026.08,-2014.1
1 -1993.89,-2025.86
1 -2027.22,-2010.2
1 -2008.76,-1991.15
1 -1993.27,-2033.25
1 -2032.47,-2031.07
1 -2017.7,-2011.41
1 -1992.65,-2019.16
1 -1998.59,-2034.15
1 -1998.04,-2013.36
1 -1996.93,-1993.03
1 -2010.05,-2029.51
1 -2034.73,-2013.63
1 -2011.57,-1994.7
1 -2016.34,-2002.12
1 -1992.89,-1991.17
1 -1997.84,-2019.3
1 -2015.01,-1997.64
1 -2025.31,-1992.37
1 -1990.78,-2012.66
1 -2029.31,-2012.27
1 -2000.69,-2012.17
1 -2020.48,-2006.83
