0 -1993.89,-2025.86
0 -1993.27,-2033.25
0 -1992.65,-2019.16
0 -1998.59,-2034.15
0 -1998.04,-2013.36
0 -2010.05,-2029.51
0 -1997.84,-2019.3
0 -1990.78,-2012.66
0 -2000.69,-2012.17
0 -2030.26,-2000.36
0 -2026.08,-2014.1
0 -2027.22,-2010.2
0 -1993.27,-2033.25
0 -2032.47,-2031.07
0 -2017.7,-2011.41
0 -1998.59,-2034.15
0 -2010.05,-2029.51
0 -2034.73,-2013.63
0 -2016.34,-2002.12
0 -2015.01,-1997.64
0 -2025.31,-1992.37
0 -2029.31,-2012.27
0 -2020.48,-2006.83
0 -4.72045,-11.021
0 -9.11206,-12.7926
0 -8.1492,-3.68892
0 -10.696,-8.1843
0 -11.6543,-16.731
0 -17.7763,-24.9191
0 -3.16401,-14.903
0 -3.8934,-1.62893
0 -9.78805,-21.2401
0 -4.89135,-6.7362
0 -0.276955,-20.9807
0 -15.2264,-17.5443
0 -23.8266,-9.2494
0 -9.7087,-16.3038
0 -10.0627,-1.72201
0 -18.6674,-11.2514
0 -2030.26,-2000.36
0 -2006.33,-1988.52
0 -2000.84,-1992.66
0 -2026.08,-2014.1
0 -1993.89,-2025.86
0 -2027.22,-2010.2
0 -2008.76,-1991.15
0 -1993.27,-2033.25
0 -2032.47,-2031.07
0 -2017.7,-2011.41
0 -1992.65,-2019.16
0 -1998.59,-2034.15
0 -1998.04,-2013.36
0 -1996.93,-1993.03
0 -2010.05,-2029.51
0 -2034.73,-2013.63
0 -2011.57,-1994.7
0 -2016.34,-2002.12
0 -1992.89,-1991.17
0 -1997.84,-2019.3
0 -2015.01,-1997.64
0 -2025.31,-1992.37
0 -1990.78,-2012.66
0 -2029.31,-2012.27
0 -2000.69,-2012.17
0 -2020.48,-2006.83
0 -2014.25,-2008.99
0 -1990.2,-2026.14
0 -1993.71,-1992.05
0 -2026.71,-1985.57
0 -1990.95,-2034.77
0 -2016.11,-2008.42
0 -2001.85,-2012.46
0 -2032.15,-2015.38
0 -1994.87,-2009.01
0 -2028.8,-1998.67
0 -1988.71,-2008.03
0 -2008.1,-2023.23
0 -2024.52,-2023.98
0 -2034.84,-1985.02
0 -2015.38,-2021.69
0 -2034.56,-1989.06
0 -1998.64,-2014.4
0 -1993.12,-2021.32
0 -1995.27,-2022.19
0 -2007.9,-2032.46
0 -2029.59,-2014.95
0 -1998.25,-2015.45
0 -2034.5,-1997.42
0 -2026.55,-2017.87
0 -2031.82,-2019.99
0 -2030.26,-2000.36
0 -2006.33,-1988.52
0 -2000.84,-1992.66
0 -2026.08,-2014.1
0 -1993.89,-2025.86
0 -2027.22,-2010.2
0 -2008.76,-1991.15
0 -1993.27,-2033.25
0 -2032.47,-2031.07
0 -2017.7,-2011.41
0 -1992.65,-2019.16
0 -1998.59,-2034.15
0 -1998.04,-2013.36
0 -1996.93,-1993.03
0 -2010.05,-2029.51
0 -2034.73,-2013.63
0 -2011.57,-1994.7
0 -2016.34,-2002.12
0 -1992.89,-1991.17
0 -1997.84,-2019.3
0 -2015.01,-1997.64
0 -2025.31,-1992.37
0 -1990.78,-2012.66
0 -2029.31,-2012.27
0 -2000.69,-2012.17
0 -2020.48,-2006.83
0 -4.72045,-11.021
0 -9.11206,-12.7926
0 -8.1492,-3.68892
0 -10.696,-8.1843
0 -11.6543,-16.731
0 -17.7763,-24.9191
0 -3.16401,-14.903
0 -3.8934,-1.62893
0 -4.72045,-11.021
0 -9.11206,-12.7926
0 -8.1492,-3.68892
0 -10.696,-8.1843
0 -11.6543,-16.731
0 -17.7763,-24.9191
0 -3.16401,-14.903
0 -3.8934,-1.62893
