2 -9.11206,-12.7926
2 -11.6543,-16.731
2 -17.7763,-24.9191
2 -3.16401,-14.903
2 -2006.33,-1988.52
2 -2000.84,-1992.66
2 -1993.89,-2025.86
2 -2008.76,-1991.15
2 -1992.65,-2019.16
2 -1998.04,-2013.36
2 -1996.93,-1993.03
2 -2011.57,-1994.7
2 -1992.89,-1991.17
2 -1997.84,-2019.3
2 -1990.78,-2012.66
2 -2000.69,-2012.17
2 -4.72045,-11.021
2 -9.11206,-12.7926
2 -8.1492,-3.68892
2 -10.696,-8.1843
2 -11.6543,-16.731
2 -17.7763,-24.9191
2 -3.16401,-14.903
2 -3.8934,-1.62893
2 -9.78805,-21.2401
2 -4.89135,-6.7362
2 -0.276955,-20.9807
2 -15.2264,-17.5443
2 -23.8266,-9.2494
2 -9.7087,-16.3038
2 -10.0627,-1.72201
2 -18.6674,-11.2514
2 -4.72045,-11.021
2 -9.11206,-12.7926
2 -8.1492,-3.68892
2 -10.696,-8.1843
2 -11.6543,-16.731
2 -17.7763,-24.9191
2 -3.16401,-14.903
2 -3.8934,-1.62893
