4 -4.72045,-11.021
4 -8.1492,-3.68892
4 -10.696,-8.1843
4 -3.8934,-1.62893
4 -2030.26,-2000.36
4 -2006.33,-1988.52
4 -2000.84,-1992.66
4 -2026.08,-2014.1
4 -1993.89,-2025.86
4 -2027.22,-2010.2
4 -2008.76,-1991.15
4 -1993.27,-2033.25
4 -2032.47,-2031.07
4 -2017.7,-2011.41
4 -1992.65,-2019.16
4 -1998.59,-2034.15
4 -1998.04,-2013.36
4 -1996.93,-1993.03
4 -2010.05,-2029.51
4 -2034.73,-2013.63
4 -2011.57,-1994.7
4 -2016.34,-2002.12
4 -1992.89,-1991.17
4 -1997.84,-2019.3
4 -2015.01,-1997.64
4 -2025.31,-1992.37
4 -1990.78,-2012.66
4 -2029.31,-2012.27
4 -2000.69,-2012.17
4 -2020.48,-2006.83
4 -1993.01,-2010.21
4 -2001.8,-2026.08
4 -2007.87,-1985.1
4 -2016.26,-1989.72
4 -1988.42,-1987.42
4 -1999.5,-2023.63
4 -2005.54,-1995.1
4 -2015.21,-2007.58
4 -2026.44,-2003.76
4 -2006.71,-2016.24
4 -1998.1,-2012.76
4 -2022.86,-2025.55
4 -2019.93,-2014.23
4 -2004.4,-2003.98
4 -2028.39,-2030.58
4 -1998.62,-2032.84
4 -1991.55,-1992.44
4 -1992.74,-2018.65
4 -1988.83,-2017.05
4 -2012.25,-2012.59
4 -2027.37,-2001.15
4 -2019.31,-1993.67
4 -1987.8,-2028.64
4 -2024.25,-2008.77
4 -4.72045,-11.021
4 -9.11206,-12.7926
4 -8.1492,-3.68892
4 -10.696,-8.1843
4 -11.6543,-16.731
4 -17.7763,-24.9191
4 -3.16401,-14.903
4 -3.8934,-1.62893
4 -3.17927,-15.3348
4 -0.676748,-9.80026
4 -20.4299,-6.7774
4 -5.0882,-5.35829
4 -17.0072,-23.8128
4 -20.3688,-8.86029
4 -6.93304,-17.4223
4 -3.74233,-15.144
4 -17.6252,-22.4792
4 -9.78805,-21.2401
4 -4.89135,-6.7362
4 -0.276955,-20.9807
4 -15.2264,-17.5443
4 -23.8266,-9.2494
4 -9.7087,-16.3038
4 -10.0627,-1.72201
4 -18.6674,-11.2514
4 -2030.26,-2000.36
4 -2006.33,-1988.52
4 -2000.84,-1992.66
4 -2026.08,-2014.1
4 -1993.89,-2025.86
4 -2027.22,-2010.2
4 -2008.76,-1991.15
4 -1993.27,-2033.25
4 -2032.47,-2031.07
4 -2017.7,-2011.41
4 -1992.65,-2019.16
4 -1998.59,-2034.15
4 -1998.04,-2013.36
4 -1996.93,-1993.03
4 -2010.05,-2029.51
4 -2034.73,-2013.63
4 -2011.57,-1994.7
4 -2016.34,-2002.12
4 -1992.89,-1991.17
4 -1997.84,-2019.3
4 -2015.01,-1997.64
4 -2025.31,-1992.37
4 -1990.78,-2012.66
4 -2029.31,-2012.27
4 -2000.69,-2012.17
4 -2020.48,-2006.83
4 -2030.26,-2000.36
4 -2006.33,-1988.52
4 -2000.84,-1992.66
4 -2026.08,-2014.1
4 -1993.89,-2025.86
4 -2027.22,-2010.2
4 -2008.76,-1991.15
4 -1993.27,-2033.25
4 -2032.47,-2031.07
4 -2017.7,-2011.41
4 -1992.65,-2019.16
4 -1998.59,-2034.15
4 -1998.04,-2013.36
4 -1996.93,-1993.03
4 -2010.05,-2029.51
4 -2034.73,-2013.63
4 -2011.57,-1994.7
4 -2016.34,-2002.12
4 -1992.89,-1991.17
4 -1997.84,-2019.3
4 -2015.01,-1997.64
4 -2025.31,-1992.37
4 -1990.78,-2012.66
4 -2029.31,-2012.27
4 -2000.69,-2012.17
4 -2020.48,-2006.83
4 -1993.01,-2010.21
4 -2001.8,-2026.08
4 -2007.87,-1985.1
4 -2016.26,-1989.72
4 -1988.42,-1987.42
4 -1999.5,-2023.63
4 -2005.54,-1995.1
4 -2015.21,-2007.58
4 -2026.44,-2003.76
4 -2006.71,-2016.24
4 -1998.1,-2012.76
4 -2022.86,-2025.55
4 -2019.93,-2014.23
4 -2004.4,-2003.98
4 -2028.39,-2030.58
4 -1998.62,-2032.84
4 -1991.55,-1992.44
4 -1992.74,-2018.65
4 -1988.83,-2017.05
4 -2012.25,-2012.59
4 -2027.37,-2001.15
4 -2019.31,-1993.67
4 -1987.8,-2028.64
4 -2024.25,-2008.77
4 -2030.26,-2000.36
4 -2006.33,-1988.52
4 -2000.84,-1992.66
4 -2026.08,-2014.1
4 -1993.89,-2025.86
4 -2027.22,-2010.2
4 -2008.76,-1991.15
4 -1993.27,-2033.25
4 -2032.47,-2031.07
4 -2017.7,-2011.41
4 -1992.65,-2019.16
4 -1998.59,-2034.15
4 -1998.04,-2013.36
4 -1996.93,-1993.03
4 -2010.05,-2029.51
4 -2034.73,-2013.63
4 -2011.57,-1994.7
4 -2016.34,-2002.12
4 -1992.89,-1991.17
4 -1997.84,-2019.3
4 -2015.01,-1997.64
4 -2025.31,-1992.37
4 -1990.78,-2012.66
4 -2029.31,-2012.27
4 -2000.69,-2012.17
4 -2020.48,-2006.83
4 -2030.26,-2000.36
4 -2006.33,-1988.52
4 -2000.84,-1992.66
4 -2026.08,-2014.1
4 -1993.89,-2025.86
4 -2027.22,-2010.2
4 -2008.76,-1991.15
4 -1993.27,-2033.25
4 -2032.47,-2031.07
4 -2017.7,-2011.41
4 -1992.65,-2019.16
4 -1998.59,-2034.15
4 -1998.04,-2013.36
4 -1996.93,-1993.03
4 -2010.05,-2029.51
4 -2034.73,-2013.63
4 -2011.57,-1994.7
4 -2016.34,-2002.12
4 -1992.89,-1991.17
4 -1997.84,-2019.3
4 -2015.01,-1997.64
4 -2025.31,-1992.37
4 -1990.78,-2012.66
4 -2029.31,-2012.27
4 -2000.69,-2012.17
4 -2020.48,-2006.83
